qd_real range=+-[9.5E-01,1.1E+00], iters=1000000
                 0-0.5ups[%]  0.5-1ups[%]    1-2ups[%]     avg[ups]     max[ups](                x(,y))       HasNan
              +         97.2          1.5          0.6          0.1       128.00(  1.03E+00, -1.03E+00)            N
              -         97.2          1.5          0.6          0.1       128.00( -1.04E+00, -1.04E+00)            N
              *        100.0          0.0          0.0          0.1         0.50(  9.56E-01, -1.05E+00)            N
              /         94.5          5.2          0.3          0.2         1.97(  1.00E+00,  1.01E+00)            N
   accurate_div         94.5          5.2          0.3          0.2         1.97(  1.00E+00,  1.01E+00)            N
     sloppy_div         64.7         12.8          9.4          1.2       154.75( -1.00E+00, -1.03E+00)            N
       ieee_add         97.2          1.5          0.6          0.1       128.00(  1.03E+00, -1.03E+00)            N
     sloppy_add         99.1          0.9          0.0          0.0         0.50( -1.00E+00, -9.73E-01)            N
   accurate_mul        100.0          0.0          0.0          0.1         0.50(  9.56E-01, -1.05E+00)            N
     sloppy_mul         52.8         21.3         16.3          0.8        24.49( -1.04E+00, -9.51E-01)            N
            abs        100.0          0.0          0.0          0.0         0.00(             0.00E+00)            N
          floor        100.0          0.0          0.0          0.0         0.00(             0.00E+00)            N
           ceil        100.0          0.0          0.0          0.0         0.00(             0.00E+00)            N
          round        100.0          0.0          0.0          0.0         0.00(             0.00E+00)            N
           fmod         97.8          0.9          0.6          0.0       128.00( -1.04E+00, -1.04E+00)            N
           sqrt         91.7          4.5          2.6          0.2         6.08(             9.93E-01)            N
            exp         95.3          4.7          0.1          0.2         1.44(            -9.67E-01)            N
            log         82.3         13.4          4.1          0.2         3.41(             9.56E-01)            N
          log10         75.9         15.4          7.6          0.3         6.08(             1.04E+00)            N
            pow         99.9          0.1          0.0          0.0         0.68(  9.65E-01,  1.02E+00)            N
            sin         63.9         21.1         11.1          0.5         5.78(            -9.91E-01)            N
            cos         69.2         22.7          7.3          0.4         5.85(            -1.05E+00)            N
            tan         51.2         32.1         15.9          0.6         4.14(             1.03E+00)            N
           asin         98.8          1.2          0.0          0.1         1.30(             9.75E-01)            N
           acos         88.9          6.7          3.5          0.2         6.72(             9.70E-01)            N
           atan         43.9         26.9         21.0          0.8         8.46(            -9.55E-01)            N
           sinh         87.3         11.8          0.9          0.3         2.62(            -9.92E-01)            N
           cosh         91.3          8.2          0.5          0.2         3.35(            -1.03E+00)            N
           tanh         98.5          1.5          0.0          0.1         1.29(             9.60E-01)            N
          asinh         60.5         28.7         10.3          0.5         3.91(            -1.02E+00)            N
          acosh         88.8          7.3          3.5          0.1         5.87(             1.01E+00)            N
          atanh         99.0          0.9          0.0          0.1         1.37(             9.52E-01)            N
qd_real range=+-[6.1E-01,1.6E+00], iters=1000000
                 0-0.5ups[%]  0.5-1ups[%]    1-2ups[%]     avg[ups]     max[ups](                x(,y))       HasNan
              +         96.8          2.4          0.6          0.1        64.00( -6.67E-01,  6.71E-01)            N
              -         96.8          2.4          0.6          0.1        32.00( -1.15E+00, -1.15E+00)            N
              *        100.0          0.0          0.0          0.1         0.50(  1.21E+00,  1.41E+00)            N
              /         95.1          4.8          0.1          0.2         1.74(  1.07E+00, -1.10E+00)            N
   accurate_div         95.1          4.8          0.1          0.2         1.74(  1.07E+00, -1.10E+00)            N
     sloppy_div         65.9         13.8          9.6          0.9        87.37( -1.31E+00,  6.59E-01)            N
       ieee_add         96.8          2.4          0.6          0.1        64.00( -6.67E-01,  6.71E-01)            N
     sloppy_add         98.6          1.4          0.0          0.1         0.50( -1.12E+00,  1.48E+00)            N
   accurate_mul        100.0          0.0          0.0          0.1         0.50(  1.21E+00,  1.41E+00)            N
     sloppy_mul         52.6         21.3         16.4          0.8        22.47( -1.39E+00, -6.63E-01)            N
            abs        100.0          0.0          0.0          0.0         0.00(             0.00E+00)            N
          floor        100.0          0.0          0.0          0.0         0.00(             0.00E+00)            N
           ceil        100.0          0.0          0.0          0.0         0.00(             0.00E+00)            N
          round        100.0          0.0          0.0          0.0         0.00(             0.00E+00)            N
           fmod         97.5          1.7          0.6          0.0        32.00( -1.15E+00, -1.15E+00)            N
           sqrt         92.7          4.6          2.1          0.1         6.26(             9.48E-01)            N
            exp         90.6          8.8          0.5          0.2         2.35(            -7.22E-01)            N
            log         80.9         13.6          5.1          0.2         4.69(             1.53E+00)            N
          log10         75.4         15.4          8.1          0.3         6.74(             1.30E+00)            N
            pow         95.4          4.1          0.5          0.1         3.56(  1.50E+00,  1.64E+00)            N
            sin         66.3         19.7         10.4          0.5         6.67(             1.57E+00)            N
            cos         56.6         21.6         12.4          7.3   2505491.77(            -1.57E+00)            N
            tan         56.9         24.5         10.9          5.2   1579634.46(            -1.57E+00)            N
           asin         82.4         10.4          5.7          0.3         6.32(            -6.77E-01)            N
           acos         86.9          8.1          4.0          0.2         6.62(             8.83E-01)            N
           atan         50.5         27.0         17.6          0.7         8.25(             9.60E-01)            N
           sinh         74.2         20.6          5.0          0.4         3.74(            -7.02E-01)            N
           cosh         90.9          8.5          0.6          0.2         2.60(            -1.24E+00)            N
           tanh         97.7          2.3          0.0          0.1         1.38(            -6.84E-01)            N
          asinh         67.0         24.7          8.0          0.4         3.74(             8.18E-01)            N
          acosh         90.7          6.6          2.5          0.1         5.20(             1.12E+00)            N
          atanh         96.6          3.2          0.2          0.1         2.04(             6.76E-01)            N
qd_real range=+-[6.7E-03,1.5E+02], iters=1000000
                 0-0.5ups[%]  0.5-1ups[%]    1-2ups[%]     avg[ups]     max[ups](                x(,y))       HasNan
              +         99.1          0.8          0.1          0.1        64.00(  1.37E+01, -1.37E+01)            N
              -         99.1          0.8          0.1          0.1        64.00( -8.36E+01, -8.32E+01)            N
              *        100.0          0.0          0.0          0.1         0.50( -9.51E+01, -2.59E-02)            N
              /         95.0          4.8          0.1          0.2         1.81( -2.51E-01, -3.27E-02)            N
   accurate_div         95.0          4.8          0.1          0.2         1.81( -2.51E-01, -3.27E-02)            N
     sloppy_div         65.9         13.6          9.6          0.9        95.67(  1.22E-01,  1.69E+01)            N
       ieee_add         99.1          0.8          0.1          0.1        64.00(  1.37E+01, -1.37E+01)            N
     sloppy_add         99.6          0.4          0.0          0.1         0.50( -4.12E+00,  2.19E+00)            N
   accurate_mul        100.0          0.0          0.0          0.1         0.50( -9.51E+01, -2.59E-02)            N
     sloppy_mul         52.8         21.3         16.3          0.8        24.05(  5.84E+00,  1.65E+01)            N
            abs        100.0          0.0          0.0          0.0         0.00(             0.00E+00)            N
          floor        100.0          0.0          0.0          0.0         0.00(             0.00E+00)            N
           ceil        100.0          0.0          0.0          0.0         0.00(             0.00E+00)            N
          round        100.0          0.0          0.0          0.0         0.00(             0.00E+00)            N
           fmod         72.6          2.6          3.0        243.1  40894464.00(  3.60E+01, -1.88E-02)            N
           sqrt         93.0          4.7          1.9          0.1         5.53(             2.46E-01)            N
            exp         87.9         10.1          1.9          0.2         3.07(             6.17E+01)            N
            log         96.5          2.8          0.7          0.1         4.58(             1.60E+00)            N
          log10         82.2         14.1          3.5          0.2         7.12(             7.72E-01)            N
            pow         78.5          4.5          3.6          nan          inf(  8.19E-03,  1.25E+02)            N
            sin         50.7         17.8         12.0         13.9    281478.02(             1.41E+02)            N
            cos         46.2         19.0         14.0         17.8   2242037.96(            -6.75E+01)            N
            tan         48.2         16.2          9.2         31.5   2221305.95(            -6.75E+01)            N
           asin         76.5         12.4          8.3          0.3         9.21(            -7.76E-03)            N
           acos         97.3          2.0          0.5          0.1         6.95(             8.88E-01)            N
           atan         74.1         15.6          8.1          0.4         6.51(             5.99E-02)            N
           sinh         65.8         25.3          8.5          0.4         4.67(            -3.77E-01)            N
           cosh         86.0         11.4          2.6          0.2         3.06(             6.17E+01)            N
           tanh         79.0         13.3          6.8          0.3         7.02(             5.96E-02)            N
          asinh         76.6         17.4          5.7          0.3         4.95(            -4.78E-01)            N
          acosh         97.9          1.8          0.4          0.0         5.57(             1.10E+00)            N
          atanh         81.4         12.9          5.3          0.2         4.63(            -2.81E-02)            N
qd_real range=+-[4.5E-05,2.2E+04], iters=1000000
                 0-0.5ups[%]  0.5-1ups[%]    1-2ups[%]     avg[ups]     max[ups](                x(,y))       HasNan
              +         99.5          0.4          0.1          0.1        32.00( -3.65E-01,  3.71E-01)            N
              -         99.5          0.4          0.1          0.1        16.00(  4.59E+03,  4.58E+03)            N
              *        100.0          0.0          0.0          0.1         0.50(  6.14E-02,  3.90E-04)            N
              /         95.1          4.8          0.1          0.2         1.64(  4.14E-03, -1.19E-03)            N
   accurate_div         95.1          4.8          0.1          0.2         1.64(  4.14E-03, -1.19E-03)            N
     sloppy_div         65.9         13.6          9.6          0.9        93.89( -5.04E-01,  8.16E+00)            N
       ieee_add         99.5          0.4          0.1          0.1        32.00( -3.65E-01,  3.71E-01)            N
     sloppy_add         99.8          0.2          0.0          0.1         0.50(  8.28E-01,  2.89E-01)            N
   accurate_mul        100.0          0.0          0.0          0.1         0.50(  6.14E-02,  3.90E-04)            N
     sloppy_mul         52.7         21.2         16.4          0.8        23.09(  7.47E-01, -9.09E-03)            N
            abs        100.0          0.0          0.0          0.0         0.00(             0.00E+00)            N
          floor        100.0          0.0          0.0          0.0         0.00(             0.00E+00)            N
           ceil        100.0          0.0          0.0          0.0         0.00(             0.00E+00)            N
          round        100.0          0.0          0.0          0.0         0.00(             0.00E+00)            N
           fmod         62.9          1.6          1.9     854718.3 54447519744.00(  2.15E+04, -1.59E-04)            N
           sqrt         92.9          4.7          1.9          0.1         6.24(             1.46E-02)            N
            exp         91.3          6.9          1.8          nan          inf(            -5.98E+02)            N
            log         98.2          1.4          0.3          0.1         3.38(             1.28E+00)            N
          log10         83.4         13.5          3.0          0.2         5.34(             8.78E-01)            N
            pow         87.9          2.3          1.8          nan          inf(  8.45E+00, -2.88E+02)            N
            sin         46.0         12.2          7.4       1079.8  77863146.70(             7.85E+03)            N
            cos         43.6         12.9          8.4       1036.2 143944555.70(             5.02E+03)            N
            tan         41.2         13.4          6.8       2053.3  85156205.11(             5.02E+03)            N
           asin         77.8         12.2          7.6          0.3         9.72(             1.65E-03)            N
           acos         98.4          1.2          0.3          0.1         6.15(             9.76E-01)            N
           atan         78.3         13.9          6.3          0.3         9.30(            -1.55E-03)            N
           sinh         70.2         21.8          7.7          0.4       143.30(            -5.99E+02)            N
           cosh         89.8          7.9          2.2          0.2       143.30(            -5.99E+02)            N
           tanh         78.1         13.9          7.0          0.3         6.36(             1.56E-02)            N
          asinh         79.5         15.7          4.6          0.3         4.98(            -5.17E-01)            N
          acosh         98.7          1.1          0.2          0.0         4.26(             1.12E+00)            N
          atanh         81.0         13.6          5.1          0.2         4.35(             2.26E-01)            N
double(fb::*) range=+-[3.1E-07,3.3E+06], iters=1000000
                 0-0.5ups[%]  0.5-1ups[%]    1-2ups[%]     avg[ups]     max[ups](                x(,y))       HasNan
              +         96.1          3.9          0.0          0.2         0.50( -8.30E+03, -1.36E+04)            N
              -         96.0          4.0          0.0          0.2         0.50(  8.51E+00, -1.92E+01)            N
              *        100.0          0.0          0.0          0.2         0.50(  7.91E+04,  3.07E+01)            N
              /        100.0          0.0          0.0          0.2         0.50( -5.18E-03,  2.99E-04)            N
            abs        100.0          0.0          0.0          0.0         0.00(             0.00E+00)            N
          floor        100.0          0.0          0.0          0.0         0.00(             0.00E+00)            N
           ceil        100.0          0.0          0.0          0.0         0.00(             0.00E+00)            N
          round        100.0          0.0          0.0          0.0         0.00(             0.00E+00)            N
           fmod        100.0          0.0          0.0          0.0         0.00(  0.00E+00,  0.00E+00)            N
           sqrt        100.0          0.0          0.0          0.1         0.50(             4.11E-05)            N
            exp        100.0          0.0          0.0          0.2         0.50(             3.68E+01)            N
            log        100.0          0.0          0.0          0.0         0.50(             4.29E-01)            N
          log10        100.0          0.0          0.0          0.1         0.50(             6.01E+03)            N
            pow        100.0          0.0          0.0          0.1         0.50(  5.73E-02, -4.54E-02)            N
            sin        100.0          0.0          0.0          0.3         0.50(             3.29E+01)            N
            cos        100.0          0.0          0.0          0.2         0.50(            -3.63E+02)            N
            tan        100.0          0.0          0.0          0.2         0.50(             6.41E-04)            N
           asin        100.0          0.0          0.0          0.1         0.50(             1.47E-05)            N
           acos        100.0          0.0          0.0          0.1         0.50(            -2.62E-01)            N
           atan        100.0          0.0          0.0          0.2         0.50(             3.90E-04)            N
           sinh        100.0          0.0          0.0          0.2         0.51(            -4.73E-07)            N
           cosh        100.0          0.0          0.0          0.2         0.50(             3.68E+01)            N
           tanh        100.0          0.1          0.0          0.1         0.53(            -3.33E-07)            N
          asinh        100.0          0.0          0.0          0.2         0.50(            -6.66E-02)            N
          acosh        100.0          0.0          0.0          0.1         0.50(             9.24E+01)            N
          atanh        100.0          0.0          0.0          0.1         0.50(            -9.76E-02)            N
double(fb::*) range=+-[6.1E-01,1.6E+00], iters=1000000
                 0-0.5ups[%]  0.5-1ups[%]    1-2ups[%]     avg[ups]     max[ups](                x(,y))       HasNan
              +         78.8         21.2          0.0          0.1         0.50( -9.13E-01, -1.62E+00)            N
              -         78.8         21.2          0.0          0.1         0.50(  6.30E-01, -9.93E-01)            N
              *        100.0          0.0          0.0          0.3         0.50( -7.88E-01,  8.07E-01)            N
              /        100.0          0.0          0.0          0.3         0.50(  6.95E-01, -9.00E-01)            N
            abs        100.0          0.0          0.0          0.0         0.00(             0.00E+00)            N
          floor        100.0          0.0          0.0          0.0         0.00(             0.00E+00)            N
           ceil        100.0          0.0          0.0          0.0         0.00(             0.00E+00)            N
          round        100.0          0.0          0.0          0.0         0.00(             0.00E+00)            N
           fmod        100.0          0.0          0.0          0.0         0.00(  0.00E+00,  0.00E+00)            N
           sqrt        100.0          0.0          0.0          0.1         0.50(             1.38E+00)            N
            exp        100.0          0.0          0.0          0.2         0.50(             1.29E+00)            N
            log        100.0          0.0          0.0          0.1         0.50(             6.66E-01)            N
          log10        100.0          0.0          0.0          0.1         0.50(             7.36E-01)            N
            pow        100.0          0.0          0.0          0.1         0.50(  7.43E-01, -6.87E-01)            N
            sin        100.0          0.0          0.0          0.3         0.50(             1.01E+00)            N
            cos        100.0          0.0          0.0          0.2         0.50(            -1.58E+00)            N
            tan        100.0          0.0          0.0          0.3         0.50(             1.28E+00)            N
           asin        100.0          0.0          0.0          0.1         0.50(             7.51E-01)            N
           acos        100.0          0.0          0.0          0.1         0.50(            -7.01E-01)            N
           atan        100.0          0.0          0.0          0.2         0.50(             7.91E-01)            N
           sinh        100.0          0.0          0.0          0.3         0.50(            -9.41E-01)            N
           cosh        100.0          0.0          0.0          0.3         0.50(            -9.36E-01)            N
           tanh        100.0          0.0          0.0          0.3         0.50(            -1.26E+00)            N
          asinh        100.0          0.0          0.0          0.3         0.50(             1.11E+00)            N
          acosh        100.0          0.0          0.0          0.1         0.50(             1.10E+00)            N
          atanh        100.0          0.0          0.0          0.1         0.50(            -6.22E-01)            N
double(fb::*) range=+-[6.7E-03,1.5E+02], iters=1000000
                 0-0.5ups[%]  0.5-1ups[%]    1-2ups[%]     avg[ups]     max[ups](                x(,y))       HasNan
              +         89.3         10.7          0.0          0.2         0.50( -1.74E-01, -2.84E-01)            N
              -         89.3         10.7          0.0          0.2         0.50(  2.53E-02, -1.72E-02)            N
              *        100.0          0.0          0.0          0.3         0.50(  2.01E-02,  1.90E-02)            N
              /        100.0          0.0          0.0          0.2         0.50( -2.68E+01, -1.59E+00)            N
            abs        100.0          0.0          0.0          0.0         0.00(             0.00E+00)            N
          floor        100.0          0.0          0.0          0.0         0.00(             0.00E+00)            N
           ceil        100.0          0.0          0.0          0.0         0.00(             0.00E+00)            N
          round        100.0          0.0          0.0          0.0         0.00(             0.00E+00)            N
           fmod        100.0          0.0          0.0          0.0         0.00(  0.00E+00,  0.00E+00)            N
           sqrt        100.0          0.0          0.0          0.1         0.50(             2.99E-02)            N
            exp        100.0          0.0          0.0          0.2         0.50(            -3.89E+01)            N
            log        100.0          0.0          0.0          0.1         0.50(             2.16E+00)            N
          log10        100.0          0.0          0.0          0.1         0.50(             1.55E+01)            N
            pow        100.0          0.0          0.0          0.1         0.50(  7.49E-02,  7.67E+00)            N
            sin        100.0          0.0          0.0          0.3         0.50(             6.72E-02)            N
            cos        100.0          0.0          0.0          0.3         0.50(            -4.87E+01)            N
            tan        100.0          0.0          0.0          0.3         0.50(             4.90E+01)            N
           asin        100.0          0.0          0.0          0.1         0.50(            -1.07E-02)            N
           acos        100.0          0.0          0.0          0.1         0.50(            -1.04E-01)            N
           atan        100.0          0.0          0.0          0.3         0.50(            -3.10E+00)            N
           sinh        100.0          0.0          0.0          0.2         0.50(            -1.99E+00)            N
           cosh        100.0          0.0          0.0          0.2         0.50(            -1.88E-01)            N
           tanh        100.0          0.0          0.0          0.2         0.50(            -1.72E+00)            N
          asinh        100.0          0.0          0.0          0.3         0.50(            -2.61E-02)            N
          acosh        100.0          0.0          0.0          0.1         0.50(             1.17E+01)            N
          atanh        100.0          0.0          0.0          0.1         0.50(             1.37E-01)            N
double(fb::*) range=+-[4.5E-05,2.2E+04], iters=1000000
                 0-0.5ups[%]  0.5-1ups[%]    1-2ups[%]     avg[ups]     max[ups](                x(,y))       HasNan
              +         94.2          5.8          0.0          0.2         0.50( -4.10E+02, -5.69E+02)            N
              -         94.2          5.8          0.0          0.2         0.50( -2.39E-02,  7.54E-02)            N
              *        100.0          0.0          0.0          0.2         0.50(  2.90E-03,  8.04E-05)            N
              /        100.0          0.0          0.0          0.2         0.50(  1.21E+04,  2.23E+03)            N
            abs        100.0          0.0          0.0          0.0         0.00(             0.00E+00)            N
          floor        100.0          0.0          0.0          0.0         0.00(             0.00E+00)            N
           ceil        100.0          0.0          0.0          0.0         0.00(             0.00E+00)            N
          round        100.0          0.0          0.0          0.0         0.00(             0.00E+00)            N
           fmod        100.0          0.0          0.0          0.0         0.00(  0.00E+00,  0.00E+00)            N
           sqrt        100.0          0.0          0.0          0.1         0.50(             2.41E+02)            N
            exp        100.0          0.0          0.0          0.2         0.50(             6.61E+01)            N
            log        100.0          0.0          0.0          0.0         0.50(             1.33E+00)            N
          log10        100.0          0.0          0.0          0.1         0.50(             1.13E+00)            N
            pow        100.0          0.0          0.0          0.1         0.50(  2.30E+02,  1.85E+00)            N
            sin        100.0          0.0          0.0          0.3         0.50(             4.90E-03)            N
            cos        100.0          0.0          0.0          0.2         0.50(             7.17E+03)            N
            tan        100.0          0.0          0.0          0.3         0.50(             1.29E-02)            N
           asin        100.0          0.0          0.0          0.1         0.50(            -6.06E-03)            N
           acos        100.0          0.0          0.0          0.1         0.50(             2.31E-03)            N
           atan        100.0          0.0          0.0          0.2         0.50(            -3.02E+02)            N
           sinh        100.0          0.0          0.0          0.2         0.50(             8.24E-05)            N
           cosh        100.0          0.0          0.0          0.2         0.50(             6.61E+01)            N
           tanh        100.0          0.0          0.0          0.2         0.50(            -5.49E-05)            N
          asinh        100.0          0.0          0.0          0.3         0.50(            -1.10E-04)            N
          acosh        100.0          0.0          0.0          0.1         0.50(             3.52E+02)            N
          atanh        100.0          0.0          0.0          0.1         0.50(             4.66E-05)            N
dd_real range=+-[9.5E-01,1.1E+00], iters=1000000
                 0-0.5ups[%]  0.5-1ups[%]    1-2ups[%]     avg[ups]     max[ups](                x(,y))       HasNan
              +         88.9          8.8          2.1          0.1         2.00( -9.59E-01, -1.01E+00)            N
              -         89.0          8.8          2.1          0.1         2.00(  1.04E+00, -9.55E-01)            N
              *         60.6         25.5         12.1          0.5         4.45( -9.62E-01,  1.04E+00)            N
              /         73.4         20.3          5.2          0.4         3.42(  9.75E-01,  1.02E+00)            N
   accurate_div         73.4         20.3          5.2          0.4         3.42(  9.75E-01,  1.02E+00)            N
     sloppy_div         55.5         22.0         15.1          0.7        13.55( -1.01E+00,  1.03E+00)            N
       ieee_add         88.9          8.8          2.1          0.1         2.00( -9.59E-01, -1.01E+00)            N
     sloppy_add         61.3         11.0          3.1         28.2   2097152.00(  1.01E+00, -1.01E+00)            N
            abs        100.0          0.0          0.0          0.0         0.00(             0.00E+00)            N
          floor        100.0          0.0          0.0          0.0         0.00(             0.00E+00)            N
           ceil        100.0          0.0          0.0          0.0         0.00(             0.00E+00)            N
          round        100.0          0.0          0.0          0.0         0.00(             0.00E+00)            N
           fmod         99.8          0.2          0.0          0.0         0.50(  9.92E-01, -9.68E-01)            N
           sqrt         72.8          6.4         10.0          0.6        11.42(             9.66E-01)            N
            exp         54.7         29.2         14.3          0.6         4.66(             1.04E+00)            N
            log         64.3         12.2         15.5          0.6        10.23(             1.03E+00)            N
          log10         62.1         10.9         15.2          0.7        13.83(             1.03E+00)            N
            pow         98.5          1.5          0.0          0.1         1.41(  1.04E+00, -1.00E+00)            N
            sin         30.1         20.6         24.3          1.5        11.16(            -1.01E+00)            N
            cos         32.3         27.8         28.4          1.0        14.80(            -1.05E+00)            N
            tan         19.1         18.9         32.9          1.5         9.31(            -1.03E+00)            N
           asin         90.1          8.8          1.1          0.2         2.69(            -9.55E-01)            N
           acos         77.4          8.4          7.2          0.5        22.77(             9.95E-01)            N
           atan         11.3         10.8         19.4          3.1        21.42(             9.60E-01)            N
           sinh         43.0         29.8         22.6          0.7         5.78(            -9.94E-01)            N
           cosh         50.3         29.9         17.6          0.6         4.78(             1.05E+00)            N
           tanh         70.8         24.6          4.6          0.4         2.85(            -9.62E-01)            N
          asinh         21.8         19.9         30.0          1.5        11.48(             1.03E+00)            N
          acosh         80.4          5.0          7.5          0.4        12.32(             1.00E+00)            N
          atanh         73.2         12.0         11.4          0.4         5.84(             1.00E+00)            N
dd_real range=+-[6.1E-01,1.6E+00], iters=1000000
                 0-0.5ups[%]  0.5-1ups[%]    1-2ups[%]     avg[ups]     max[ups](                x(,y))       HasNan
              +         87.1         10.6          2.3          0.1         2.00( -1.10E+00, -6.79E-01)            N
              -         87.1         10.5          2.2          0.1         2.00( -7.91E-01,  1.04E+00)            N
              *         61.0         25.0         12.2          0.5         4.86(  6.12E-01,  1.26E+00)            N
              /         74.9         20.2          4.6          0.4         3.34( -8.95E-01,  1.03E+00)            N
   accurate_div         74.9         20.2          4.6          0.4         3.34( -8.95E-01,  1.03E+00)            N
     sloppy_div         56.5         23.3         14.9          0.6        11.43( -1.03E+00,  1.10E+00)            N
       ieee_add         87.1         10.6          2.3          0.1         2.00( -1.10E+00, -6.79E-01)            N
     sloppy_add         67.2         14.1          7.8          2.4    131072.00(  1.45E+00, -1.45E+00)            N
            abs        100.0          0.0          0.0          0.0         0.00(             0.00E+00)            N
          floor        100.0          0.0          0.0          0.0         0.00(             0.00E+00)            N
           ceil        100.0          0.0          0.0          0.0         0.00(             0.00E+00)            N
          round        100.0          0.0          0.0          0.0         0.00(             0.00E+00)            N
           fmod         98.1          1.9          0.0          0.0         0.50( -1.27E+00,  6.62E-01)            N
           sqrt         74.2          6.7         10.0          0.5        11.98(             6.08E-01)            N
            exp         47.7         29.1         19.0          0.7         6.51(            -7.29E-01)            N
            log         63.1         11.5         15.2          0.6        14.02(             1.63E+00)            N
          log10         61.4         10.3         15.0          0.7        13.22(             1.33E+00)            N
            pow         80.8         11.3          6.5          0.3         8.95(  1.62E+00, -1.58E+00)            N
            sin         32.5         22.5         24.1          1.3        12.23(            -1.46E+00)            N
            cos         28.3         21.6         24.0          8.1   4076269.17(            -1.57E+00)            N
            tan         30.8         23.3         25.2          6.3   2569958.52(            -1.57E+00)            N
           asin         66.7          9.9         10.9          0.7        16.35(            -6.58E-01)            N
           acos         70.3         11.5          9.7          0.6        18.34(             9.93E-01)            N
           atan         18.3         16.4         24.4          2.2        19.08(             1.01E+00)            N
           sinh         32.5         25.6         27.8          1.1        10.95(             7.75E-01)            N
           cosh         50.3         29.6         17.6          0.6         6.27(            -1.28E+00)            N
           tanh         71.9         22.1          5.9          0.4         3.64(            -6.80E-01)            N
          asinh         26.9         22.3         28.2          1.3        12.43(             1.17E+00)            N
          acosh         81.0          5.2          7.3          0.4        14.33(             1.11E+00)            N
          atanh         72.7         13.5         11.1          0.4         6.39(             6.57E-01)            N
dd_real range=+-[6.7E-03,1.5E+02], iters=1000000
                 0-0.5ups[%]  0.5-1ups[%]    1-2ups[%]     avg[ups]     max[ups](                x(,y))       HasNan
              +         83.3         11.4          5.0          0.2         2.50(  3.51E-02, -7.02E-03)            N
              -         83.4         11.4          4.9          0.2         2.50(  3.89E-02,  9.91E-03)            N
              *         60.9         25.2         12.2          0.5         4.80(  9.54E-02,  1.59E-01)            N
              /         74.7         20.3          4.6          0.4         3.40(  6.21E+01, -1.30E+02)            N
   accurate_div         74.7         20.3          4.6          0.4         3.40(  6.21E+01, -1.30E+02)            N
     sloppy_div         57.1         23.1         14.5          0.6        12.19(  1.61E+01,  5.23E-01)            N
       ieee_add         83.3         11.4          5.0          0.2         2.50(  3.51E-02, -7.02E-03)            N
     sloppy_add         78.1         14.4          6.4          0.4     16384.00(  4.10E+01, -4.10E+01)            N
            abs        100.0          0.0          0.0          0.0         0.00(             0.00E+00)            N
          floor        100.0          0.0          0.0          0.0         0.00(             0.00E+00)            N
           ceil        100.0          0.0          0.0          0.0         0.00(             0.00E+00)            N
          round        100.0          0.0          0.0          0.0         0.00(             0.00E+00)            N
           fmod         69.9          0.2          0.5       1107.7 352321536.00( -1.25E+00, -9.32E-03)            N
           sqrt         74.8          6.6          9.8          0.5        11.97(             1.55E-01)            N
            exp         56.1         18.0         16.3          0.8         9.24(             1.87E+01)            N
            log         74.7         10.8         10.6          0.4        15.45(             1.54E+00)            N
          log10         65.3         12.5         14.1          0.6        14.67(             1.54E+00)            N
            pow         68.3          4.9          4.4         16.9      3765.61(  1.49E-02,  1.30E+02)            N
            sin         28.0         18.5         19.1         44.0   8407305.58(            -1.04E+02)            N
            cos         29.4         18.4         18.2         33.5   1653647.32(            -2.98E+01)            N
            tan         19.4         16.1         20.2         76.1   8407307.96(            -1.04E+02)            N
           asin         61.9          9.5         12.8          0.9        25.36(            -1.04E-01)            N
           acos         89.3          7.3          2.3          0.2        19.03(             9.95E-01)            N
           atan         48.9         14.2         13.6          1.4        25.87(             1.13E-01)            N
           sinh         25.5         22.1         30.0          1.3        10.94(             4.64E-01)            N
           cosh         54.3         19.4         16.2          0.8         9.03(            -5.47E+01)            N
           tanh         62.6         11.8         14.1          0.7        12.45(             2.50E-01)            N
          asinh         33.8         24.9         27.2          1.1        19.29(            -5.20E-01)            N
          acosh         85.3          6.7          6.0          0.2        14.34(             1.12E+00)            N
          atanh         63.8         11.5         14.9          0.6        13.70(             2.08E-01)            N
dd_real range=+-[4.5E-05,2.2E+04], iters=1000000
                 0-0.5ups[%]  0.5-1ups[%]    1-2ups[%]     avg[ups]     max[ups](                x(,y))       HasNan
              +         83.9         10.8          5.2          0.2         2.50( -2.16E+03,  1.24E+02)            N
              -         83.9         10.8          5.2          0.2         2.50(  1.01E+00,  2.84E-01)            N
              *         60.9         25.2         12.2          0.5         4.73(  4.48E+00,  8.88E-03)            N
              /         74.7         20.2          4.6          0.4         3.36( -2.43E-04, -8.02E-03)            N
   accurate_div         74.7         20.2          4.6          0.4         3.36( -2.43E-04, -8.02E-03)            N
     sloppy_div         57.2         23.0         14.5          0.6        10.46(  2.14E+03,  1.45E+02)            N
       ieee_add         83.9         10.8          5.2          0.2         2.50( -2.16E+03,  1.24E+02)            N
     sloppy_add         81.1         12.4          5.9          0.3      4096.00( -4.98E-05,  4.99E-05)            N
            abs        100.0          0.0          0.0          0.0         0.00(             0.00E+00)            N
          floor        100.0          0.0          0.0          0.0         0.00(             0.00E+00)            N
           ceil        100.0          0.0          0.0          0.0         0.00(             0.00E+00)            N
          round        100.0          0.0          0.0          0.0         0.00(             0.00E+00)            N
           fmod         61.0          0.1          0.3    6561479.5 1599420694528.00( -1.58E+04,  9.33E-05)            N
           sqrt         74.7          6.6          9.9          0.5        11.52(             2.54E+03)            N
            exp         72.6         10.3         10.2          0.5        10.41(             1.94E+01)            N
            log         72.5         10.4         10.7          0.5        13.47(             1.58E+00)            N
          log10         64.5         11.9         13.8          0.6        16.73(             1.68E+00)            N
            pow         81.8          2.5          2.2         17.9      5398.27(  1.09E-04,  6.80E+01)            N
            sin         30.7         14.7         12.5       2184.8  34808105.75(             5.13E+03)            N
            cos         32.9         14.3         11.1       2655.3 164708418.49(            -8.20E+03)            N
            tan         17.3         13.3         15.9       4986.7 192099834.21(             6.01E+03)            N
           asin         63.3          9.9         12.2          0.8        23.94(            -1.11E-01)            N
           acos         93.1          5.2          1.2          0.1        12.99(             6.78E-01)            N
           atan         55.0         13.6         12.2          1.1        24.19(            -1.08E-01)            N
           sinh         38.2         17.8         24.9          1.1        10.08(             1.33E-02)            N
           cosh         67.6         14.4         10.8          0.6        10.36(             1.94E+01)            N
           tanh         62.1         11.2         14.8          0.7        12.47(             2.50E-01)            N
          asinh         32.7         23.9         27.3          1.1        19.70(            -5.06E-01)            N
          acosh         84.5          6.0          5.9          0.3        11.17(             1.11E+00)            N
          atanh         63.7         11.7         15.3          0.6        13.17(             2.31E-01)            N
double range=+-[9.5E-01,1.1E+00], iters=1000000
                 0-0.5ups[%]  0.5-1ups[%]    1-2ups[%]     avg[ups]     max[ups](                x(,y))       HasNan
              +         78.3         21.7          0.0          0.1         0.50( -1.03E+00, -1.03E+00)            N
              -         78.2         21.8          0.0          0.1         0.50(  9.97E-01, -9.74E-01)            N
              *        100.0          0.0          0.0          0.3         0.50(  9.66E-01, -9.96E-01)            N
              /        100.0          0.0          0.0          0.3         0.50( -9.89E-01,  1.03E+00)            N
            abs        100.0          0.0          0.0          0.0         0.00(             0.00E+00)            N
          floor        100.0          0.0          0.0          0.0         0.00(             0.00E+00)            N
           ceil        100.0          0.0          0.0          0.0         0.00(             0.00E+00)            N
          round        100.0          0.0          0.0          0.0         0.00(             0.00E+00)            N
           fmod        100.0          0.0          0.0          0.0         0.00(  0.00E+00,  0.00E+00)            N
           sqrt        100.0          0.0          0.0          0.1         0.50(             9.76E-01)            N
            exp         99.5          0.5          0.0          0.3         0.54(            -9.86E-01)            N
            log         99.6          0.4          0.0          0.1         0.55(             1.05E+00)            N
          log10         99.6          0.4          0.0          0.1         0.56(             9.65E-01)            N
            pow         99.9          0.1          0.0          0.1         0.51(  1.01E+00, -9.84E-01)            N
            sin         94.0          6.0          0.0          0.3         0.64(            -9.56E-01)            N
            cos         95.5          4.5          0.0          0.3         0.67(            -1.05E+00)            N
            tan         92.6          7.4          0.0          0.3         0.82(            -1.01E+00)            N
           asin         88.6         11.4          0.0          0.2         0.75(             9.62E-01)            N
           acos         99.0          1.0          0.0          0.1         0.62(            -9.53E-01)            N
           atan         99.0          1.0          0.0          0.3         0.55(            -1.05E+00)            N
           sinh         95.5          4.5          0.0          0.3         0.75(             9.89E-01)            N
           cosh         87.7         12.2          0.1          0.3         1.17(            -9.94E-01)            N
           tanh         82.9         17.1          0.1          0.3         1.32(             9.85E-01)            N
          asinh         74.1         25.1          0.9          0.3         1.31(             1.01E+00)            N
          acosh         90.3          7.7          2.0          0.1         2.99(             1.00E+00)            N
          atanh         97.2          2.8          0.0          0.1         0.70(             9.52E-01)            N
double range=+-[6.1E-01,1.6E+00], iters=1000000
                 0-0.5ups[%]  0.5-1ups[%]    1-2ups[%]     avg[ups]     max[ups](                x(,y))       HasNan
              +         78.8         21.2          0.0          0.1         0.50( -9.13E-01, -1.62E+00)            N
              -         78.8         21.2          0.0          0.1         0.50(  6.30E-01, -9.93E-01)            N
              *        100.0          0.0          0.0          0.3         0.50( -7.88E-01,  8.07E-01)            N
              /        100.0          0.0          0.0          0.3         0.50(  6.95E-01, -9.00E-01)            N
            abs        100.0          0.0          0.0          0.0         0.00(             0.00E+00)            N
          floor        100.0          0.0          0.0          0.0         0.00(             0.00E+00)            N
           ceil        100.0          0.0          0.0          0.0         0.00(             0.00E+00)            N
          round        100.0          0.0          0.0          0.0         0.00(             0.00E+00)            N
           fmod        100.0          0.0          0.0          0.0         0.00(  0.00E+00,  0.00E+00)            N
           sqrt        100.0          0.0          0.0          0.1         0.50(             1.38E+00)            N
            exp         99.5          0.5          0.0          0.2         0.55(             6.71E-01)            N
            log         99.8          0.2          0.0          0.1         0.56(             1.06E+00)            N
          log10         99.8          0.2          0.0          0.1         0.56(             9.39E-01)            N
            pow         99.9          0.1          0.0          0.1         0.52(  1.01E+00, -7.49E-01)            N
            sin         95.7          4.3          0.0          0.3         0.77(            -8.27E-01)            N
            cos         95.3          4.7          0.0          0.3         0.86(            -7.81E-01)            N
            tan         94.8          5.2          0.0          0.3         0.91(            -6.81E-01)            N
           asin         95.0          5.0          0.0          0.1         0.76(            -6.07E-01)            N
           acos         96.9          3.1          0.0          0.1         0.77(            -6.34E-01)            N
           atan         94.4          5.6          0.0          0.3         0.85(            -7.04E-01)            N
           sinh         89.7         10.3          0.0          0.3         0.85(             1.64E+00)            N
           cosh         87.3         12.7          0.0          0.3         1.14(            -9.95E-01)            N
           tanh         88.1         11.9          0.0          0.3         1.19(             9.81E-01)            N
          asinh         76.0         23.2          0.8          0.3         1.39(            -7.22E-01)            N
          acosh         92.3          6.9          0.9          0.1         2.39(             1.01E+00)            N
          atanh         92.7          7.1          0.2          0.1         1.21(             6.09E-01)            N
double range=+-[6.7E-03,1.5E+02], iters=1000000
                 0-0.5ups[%]  0.5-1ups[%]    1-2ups[%]     avg[ups]     max[ups](                x(,y))       HasNan
              +         89.3         10.7          0.0          0.2         0.50( -1.74E-01, -2.84E-01)            N
              -         89.3         10.7          0.0          0.2         0.50(  2.53E-02, -1.72E-02)            N
              *        100.0          0.0          0.0          0.3         0.50(  2.01E-02,  1.90E-02)            N
              /        100.0          0.0          0.0          0.2         0.50( -2.68E+01, -1.59E+00)            N
            abs        100.0          0.0          0.0          0.0         0.00(             0.00E+00)            N
          floor        100.0          0.0          0.0          0.0         0.00(             0.00E+00)            N
           ceil        100.0          0.0          0.0          0.0         0.00(             0.00E+00)            N
          round        100.0          0.0          0.0          0.0         0.00(             0.00E+00)            N
           fmod        100.0          0.0          0.0          0.0         0.00(  0.00E+00,  0.00E+00)            N
           sqrt        100.0          0.0          0.0          0.1         0.50(             2.99E-02)            N
            exp         99.5          0.5          0.0          0.3         0.55(            -4.33E-02)            N
            log        100.0          0.0          0.0          0.1         0.54(             9.56E-01)            N
          log10        100.0          0.0          0.0          0.1         0.55(             9.38E-01)            N
            pow         99.9          0.1          0.0          0.1         0.52(  2.48E-01,  1.10E-02)            N
            sin         97.9          2.1          0.0          0.3         0.76(             8.30E-01)            N
            cos         97.7          2.3          0.0          0.3         0.83(             7.52E-01)            N
            tan         97.0          3.0          0.0          0.3         0.92(            -1.64E+01)            N
           asin         99.0          1.0          0.0          0.1         0.87(            -5.01E-01)            N
           acos         97.8          2.2          0.0          0.1         0.89(            -5.27E-01)            N
           atan         97.4          2.6          0.0          0.3         0.83(            -7.25E-01)            N
           sinh         94.3          5.7          0.0          0.3         1.14(             8.99E+00)            N
           cosh         94.5          5.5          0.0          0.3         1.52(             9.00E+00)            N
           tanh         98.2          1.8          0.0          0.2         1.16(             9.81E-01)            N
          asinh         77.0         20.9          2.2          0.3         1.86(            -1.55E-02)            N
          acosh         96.7          3.2          0.1          0.1         2.09(             1.01E+00)            N
          atanh         82.8         14.3          2.9          0.2         2.33(             1.55E-02)            N
double range=+-[4.5E-05,2.2E+04], iters=1000000
                 0-0.5ups[%]  0.5-1ups[%]    1-2ups[%]     avg[ups]     max[ups](                x(,y))       HasNan
              +         94.2          5.8          0.0          0.2         0.50( -4.10E+02, -5.69E+02)            N
              -         94.2          5.8          0.0          0.2         0.50( -2.39E-02,  7.54E-02)            N
              *        100.0          0.0          0.0          0.2         0.50(  2.90E-03,  8.04E-05)            N
              /        100.0          0.0          0.0          0.2         0.50(  1.21E+04,  2.23E+03)            N
            abs        100.0          0.0          0.0          0.0         0.00(             0.00E+00)            N
          floor        100.0          0.0          0.0          0.0         0.00(             0.00E+00)            N
           ceil        100.0          0.0          0.0          0.0         0.00(             0.00E+00)            N
          round        100.0          0.0          0.0          0.0         0.00(             0.00E+00)            N
           fmod        100.0          0.0          0.0          0.0         0.00(  0.00E+00,  0.00E+00)            N
           sqrt        100.0          0.0          0.0          0.1         0.50(             2.41E+02)            N
            exp         99.7          0.3          0.0          0.2         0.55(            -4.28E-02)            N
            log        100.0          0.0          0.0          0.0         0.54(             1.06E+00)            N
          log10        100.0          0.0          0.0          0.1         0.57(             9.38E-01)            N
            pow         99.9          0.1          0.0          0.1         0.51(  1.81E-03,  1.65E-02)            N
            sin         98.1          1.9          0.0          0.3         0.77(            -1.33E+01)            N
            cos         98.0          2.0          0.0          0.3         0.84(            -7.62E-01)            N
            tan         97.4          2.6          0.0          0.3         1.07(            -1.50E+03)            N
           asin         99.5          0.5          0.0          0.1         0.93(            -5.02E-01)            N
           acos         98.9          1.1          0.0          0.1         0.88(            -5.28E-01)            N
           atan         98.7          1.3          0.0          0.3         0.83(            -7.06E-01)            N
           sinh         97.1          2.9          0.0          0.2         1.11(            -4.85E+00)            N
           cosh         97.2          2.8          0.0          0.2         1.29(             1.99E+00)            N
           tanh         99.1          0.9          0.0          0.2         1.11(            -9.78E-01)            N
          asinh         78.5         19.1          2.3          0.3         1.87(            -3.10E-02)            N
          acosh         97.8          2.1          0.1          0.1         2.12(             1.01E+00)            N
          atanh         81.8         15.0          3.2          0.2         2.09(            -3.10E-02)            N
test 1
test 2
test 3
test 4
test 5
